0 1008 20
1 1012 20
2 1015 20
3 1017 20
4 1020 20
5 1026 20
6 1030 20
7 1037 20
8 1051 20
9 1052 20
10 1065 20
11 1070 20
12 1077 20
13 1088 20
14 1087 20
15 1098 20
16 1108 20
17 1116 20
18 1116 20
19 1131 20
20 1140 20
21 1149 20
22 1159 20
23 1166 20
24 1170 20
25 1172 20
26 1175 20
27 1177 20
28 1183 20
29 1186 20
30 1198 20
31 1204 19
32 1212 19
33 1213 19
34 1220 19
35 1231 19
36 1243 19
37 1243 19
38 1252 19
39 1258 19
40 1259 19
41 1266 19
42 1270 19
43 1278 19
44 1285 19
45 1300 19
46 1306 19
47 1318 19
48 1331 19
49 1334 19
50 1340 19
51 1345 19
52 1349 19
53 1355 19
54 1364 19
55 1371 19
56 1379 19
57 1385 19
58 1395 19
59 1400 19
60 1413 19
61 1426 19
62 1430 19
63 1438 19
64 1444 19
65 1450 19
66 1461 19
67 1466 19
68 1465 19
69 1477 19
70 1484 19
71 1493 19
72 1506 19
73 1526 19
74 1534 19
75 1542 19
76 1549 19
77 1559 19
78 1563 19
79 1568 19
80 1577 19
81 1585 19
82 1586 19
83 1598 19
84 1607 19
85 1620 19
86 1632 19
87 1637 19
88 1648 19
89 1659 19
90 1668 19
91 1677 19
92 1683 19
93 1687 19
94 1690 19
95 1697 19
96 1701 19
97 1713 19
98 1720 19
99 1727 19
100 1742 19
101 1752 19
102 1764 19
103 1782 19
104 1796 19
105 1812 19
106 1825 19
107 1827 20
108 1840 20
109 1854 20
110 1861 22
111 1867 22
112 1876 22
113 1878 22
114 1880 22
115 1890 23
116 1892 23
117 1900 24
118 1905 24
119 1910 24
120 1917 24
121 1928 24
122 1941 24
123 1950 24
124 1956 24
125 1966 24
126 1978 24
127 1989 25
128 2004 25
129 2011 25
130 2021 26
131 2033 26
132 2044 26
133 2056 26
134 2067 26
135 2071 27
136 2082 27
137 2089 28
138 2098 28
139 2110 28
140 2115 28
141 2120 28
142 2130 28
143 2139 29
144 2146 29
145 2152 29
146 2154 30
147 2157 30
148 2165 30
149 2166 30
150 2162 31
151 2165 31
152 2172 32
153 2169 32
154 2181 32
155 2179 32
156 2196 33
157 2199 33
158 2213 34
159 2218 34
160 2221 34
161 2229 34
162 2221 34
163 2233 35
164 2228 35
165 2244 36
166 2242 37
167 2247 37
168 2245 37
169 2251 37
170 2251 38
171 2252 38
172 2256 38
173 2259 38
174 2265 38
175 2259 38
176 2269 39
177 2268 39
178 2282 40
179 2275 39
180 2286 40
181 2280 40
182 2278 39
183 2277 39
184 2279 39
185 2279 40
186 2274 41
187 2279 42
188 2274 42
189 2272 42
190 2275 42
191 2276 42
192 2277 42
193 2280 42
194 2278 42
195 2274 43
196 2281 43
197 2281 43
198 2283 44
199 2284 44
200 2279 44
201 2281 44
202 2286 44
203 2292 44
204 2296 44
205 2301 45
206 2307 46
207 2309 46
208 2310 46
209 2315 45
210 2323 46
211 2318 46
212 2319 48
213 2321 47
214 2326 47
215 2321 48
216 2316 48
217 2319 49
218 2316 49
219 2315 49
220 2309 49
221 2315 49
222 2316 49
223 2317 49
224 2313 50
225 2310 50
226 2310 52
227 2306 53
228 2308 53
229 2307 54
230 2296 54
231 2282 54
232 2280 55
233 2270 55
234 2258 54
235 2253 56
236 2245 56
237 2247 56
238 2231 57
239 2222 57
240 2214 58
241 2203 58
242 2193 58
243 2180 59
244 2172 60
245 2160 61
246 2143 61
247 2138 62
248 2127 62
249 2127 62
250 2113 62
251 2099 62
252 2084 62
253 2075 62
254 2065 62
255 2063 63
256 2057 63
257 2047 65
258 2037 66
259 2031 65
260 2024 66
261 2022 67
262 2009 69
263 1996 69
264 1997 69
265 1984 69
266 1974 68
267 1969 69
268 1965 69
269 1960 69
270 1948 69
271 1931 70
272 1919 70
273 1908 70
274 1891 69
275 1884 69
276 1870 72
277 1863 73
278 1846 73
279 1836 73
280 1829 73
281 1809 73
282 1799 74
283 1785 74
284 1771 75
285 1764 75
286 1748 75
287 1740 75
288 1728 76
289 1714 74
290 1701 74
291 1687 77
292 1671 77
293 1657 77
294 1645 78
295 1632 79
296 1621 80
297 1613 79
298 1603 79
299 1592 80
300 1582 81
301 1567 80
302 1548 81
303 1536 82
304 1523 82
305 1511 82
306 1492 83
307 1480 84
308 1471 84
309 1459 83
310 1453 83
311 1438 82
312 1426 83
313 1415 84
314 1403 83
315 1393 84
316 1372 86
317 1359 86
318 1352 86
319 1336 86
320 1317 87
321 1300 87
322 1281 88
323 1265 88
324 1254 89
325 1234 88
326 1221 88
327 1204 88
328 1196 88
329 1177 89
330 1157 89
331 1148 89
332 1127 89
333 1111 89
334 1099 89
335 1085 87
336 1073 88
337 1059 88
338 1047 88
339 1038 88
340 1023 88
341 1009 90
342 993 91
343 975 89
344 960 89
345 940 89
346 923 91
347 914 91
348 895 91
349 886 92
350 876 92
351 860 92
352 850 92
353 842 91
354 830 90
355 813 89
356 806 91
357 794 91
358 783 91
359 772 90
360 761 91
361 750 92
362 736 92
363 726 92
364 712 92
365 702 92
366 689 92
367 680 92
368 669 92
369 656 93
370 645 95
371 628 97
372 620 97
373 612 97
374 601 96
375 590 96
376 581 96
377 570 96
378 558 96
379 549 95
380 535 95
381 525 95
382 518 95
383 504 95
384 492 94
385 480 93
386 469 92
387 462 92
388 454 91
389 441 91
390 426 91
391 420 93
392 404 92
393 394 91
394 385 91
395 372 90
396 361 91
397 356 91
398 344 91
399 336 92
400 324 93
401 318 92
402 305 91
403 298 91
404 292 90
405 284 90
406 271 91
407 260 91
408 250 91
409 242 90
410 232 91
411 219 91
412 211 92
413 205 92
414 195 92
415 187 91
416 182 91
417 177 91
418 168 90
419 162 88
420 156 88
421 150 87
422 143 87
423 132 86
424 129 86
425 127 85
426 118 84
427 118 81
428 109 82
429 107 82
430 98 82
431 99 81
432 94 81
433 92 82
434 85 82
435 84 82
436 80 82
437 79 82
438 80 83
439 77 83
440 80 83
441 82 83
442 82 83
443 78 83
444 77 83
445 78 83
446 77 83
447 77 83
448 77 81
449 80 80
450 82 80
451 83 79
452 82 79
453 82 78
454 83 77
455 83 77
456 80 77
457 82 76
458 79 76
459 79 76
460 77 74
461 79 74
462 81 74
463 84 73
464 86 72
465 86 72
466 83 72
467 84 72
468 84 71
469 83 71
470 79 71
471 80 71
472 79 70
473 82 70
474 83 69
475 81 69
476 82 69
477 82 68
478 82 68
479 82 68
480 81 68
481 82 67
482 81 67
483 79 67
484 84 67
485 83 67
486 85 67
487 85 66
488 88 65
489 89 65
490 89 65
491 96 64
492 94 64
493 94 63
494 92 63
495 92 63
496 90 63
497 89 63
498 92 63
499 94 61
500 93 61
501 94 61
502 94 61
503 95 61
504 97 61
505 98 60
506 96 59
507 97 59
508 101 58
509 103 58
510 104 56
511 106 55
512 105 55
513 108 55
514 111 52
515 116 52
516 118 51
517 122 51
518 124 51
519 125 51
520 125 51
521 124 50
522 123 49
523 123 49
524 125 49
525 124 48
526 127 46
527 128 46
528 127 45
529 125 45
530 125 44
531 125 44
532 125 43
533 125 42
534 127 42
535 127 42
536 126 42
537 128 42
538 128 42
539 130 42
540 133 41
541 131 41
542 133 40
543 133 40
544 134 39
545 135 36
546 136 34
547 138 33
548 138 33
549 138 32
550 142 31
551 148 31
552 149 30
553 151 30
554 152 30
555 152 30
556 155 30
557 155 30
558 157 30
559 158 30
560 159 30
561 160 30
562 160 29
563 161 29
564 162 29
565 163 29
566 164 29
567 167 28
568 165 27
569 167 27
570 170 27
571 170 27
572 170 26
573 170 26
574 174 25
575 174 25
576 176 25
577 174 26
578 173 26
579 173 26
580 177 25
581 178 25
582 179 25
583 181 25
584 180 25
585 181 25
586 182 24
587 184 24
588 186 22
589 186 22
590 188 22
591 194 21
592 195 20
593 195 20
594 195 20
595 200 20
596 202 19
597 201 19
598 203 19
599 203 19
600 204 19
601 205 18
602 205 18
603 204 17
604 208 17
605 211 17
606 215 17
607 218 16
608 217 16
609 219 15
610 223 14
611 226 14
612 225 14
613 225 14
614 224 14
615 226 14
616 224 14
617 230 14
618 231 14
619 233 14
620 239 14
621 238 14
622 241 14
623 243 14
624 248 14
625 250 14
626 252 14
627 253 14
628 254 14
629 259 14
630 262 14
631 266 13
632 269 13
633 271 12
634 275 12
635 282 11
636 283 10
637 282 10
638 281 10
639 285 10
640 285 10
641 288 10
642 287 10
643 287 10
644 287 10
645 291 10
646 290 10
647 294 11
648 297 10
649 300 9
650 303 9
651 306 9
652 307 8
653 306 7
654 313 6
655 315 6
656 319 6
657 320 6
658 320 6
659 324 6
660 330 5
661 332 5
662 334 5
663 337 5
664 336 5
665 340 5
666 337 5
667 337 5
668 337 5
669 342 5
670 344 5
671 347 5
672 348 5
673 354 5
674 354 5
675 355 5
676 358 6
677 357 6
678 358 6
679 357 6
680 363 6
681 366 6
682 371 6
683 377 6
684 378 6
685 380 7
686 382 7
687 388 7
688 385 7
689 387 7
690 387 7
691 389 7
692 391 7
693 394 7
694 396 7
695 399 7
696 404 7
697 414 7
698 418 7
699 422 7
700 424 7
701 429 7
702 432 7
703 433 7
704 439 7
705 446 7
706 449 7
707 450 7
708 453 7
709 462 7
710 463 7
711 463 7
712 465 7
713 468 7
714 470 7
715 474 6
716 482 6
717 484 6
718 489 6
719 491 6
720 495 6
721 499 6
722 504 6
723 506 6
724 509 7
725 512 7
726 514 7
727 520 7
728 526 7
729 530 7
730 534 7
731 536 7
732 540 7
733 540 7
734 539 7
735 544 7
736 548 7
737 549 7
738 550 7
739 552 7
740 553 7
741 557 7
742 560 7
743 565 7
744 564 7
745 575 7
746 577 7
747 586 7
748 592 7
749 595 7
750 605 7
751 610 7
752 615 7
753 620 7
754 620 7
755 627 7
756 630 8
757 629 8
758 628 8
759 639 8
760 643 8
761 653 8
762 662 8
763 667 8
764 672 8
765 677 8
766 683 8
767 683 8
768 689 8
769 694 7
770 701 7
771 704 7
772 707 7
773 710 7
774 714 7
775 715 7
776 718 7
777 722 7
778 735 7
779 744 7
780 749 7
781 761 7
782 765 7
783 767 7
784 771 7
785 774 7
786 781 7
787 786 7
788 795 7
789 801 7
790 805 7
791 811 7
792 814 7
793 816 7
794 823 7
795 826 7
796 832 7
797 837 7
798 842 7
799 853 7
800 863 7
801 877 7
802 885 7
803 893 7
804 904 7
805 919 7
806 927 7
807 941 7
808 955 7
809 964 7
810 971 7
811 978 7
812 991 7
813 997 7
814 999 7
815 1005 7
816 1013 7
817 1021 7
818 1027 7
819 1035 7
820 1041 7
821 1049 7
822 1056 7
823 1061 9
824 1060 9
825 1071 9
826 1079 9
827 1085 9
828 1092 9
829 1097 9
830 1104 9
831 1106 9
832 1113 9
833 1115 9
834 1126 9
835 1142 9
836 1154 9
837 1155 9
838 1165 8
839 1170 8
840 1182 8
841 1191 8
842 1199 8
843 1203 8
844 1207 8
845 1206 8
846 1209 8
847 1218 8
848 1232 8
849 1235 8
850 1242 8
851 1253 8
852 1259 8
853 1264 8
854 1277 8
855 1288 8
856 1293 8
857 1292 8
858 1301 9
859 1309 9
860 1322 10
861 1326 10
862 1327 10
863 1330 10
864 1338 10
865 1340 11
866 1344 11
867 1349 11
868 1351 11
869 1356 11
870 1361 11
871 1371 11
872 1378 11
873 1386 12
874 1391 12
875 1397 13
876 1396 13
877 1402 12
878 1406 12
879 1414 12
880 1415 12
881 1421 12
882 1423 12
883 1434 12
884 1436 12
885 1437 12
886 1442 12
887 1455 12
888 1456 12
889 1459 12
890 1461 12
891 1467 13
892 1474 13
893 1477 13
894 1479 13
895 1479 13
896 1479 13
897 1492 13
898 1498 13
899 1504 13
900 1503 13
901 1504 13
902 1510 13
903 1514 13
904 1519 13
905 1525 13
906 1527 13
907 1528 13
908 1537 15
909 1538 15
910 1543 15
911 1543 15
912 1553 15
913 1564 15
914 1565 16
915 1574 16
916 1581 16
917 1592 16
918 1590 16
919 1593 17
920 1593 17
921 1604 17
922 1605 17
923 1610 18
924 1616 18
925 1631 19
926 1634 19
927 1641 19
928 1642 20
929 1646 20
930 1651 20
931 1652 20
932 1650 20
933 1662 20
934 1667 20
935 1677 20
936 1685 20
937 1690 20
938 1698 20
939 1707 19
940 1721 19
941 1729 19
942 1735 19
943 1737 19
944 1740 19
945 1744 19
946 1750 20
947 1752 20
948 1755 20
949 1753 20
950 1760 20
951 1759 20
952 1760 20
953 1775 22
954 1769 22
955 1766 22
956 1771 22
957 1773 22
958 1772 22
959 1774 22
960 1775 22
961 1777 22
962 1784 23
963 1791 24
964 1787 24
965 1794 24
966 1802 25
967 1805 25
968 1814 25
969 1821 25
970 1819 25
971 1822 26
972 1817 26
973 1817 26
974 1822 26
975 1822 26
976 1826 26
977 1826 26
978 1825 26
979 1818 26
980 1816 27
981 1818 27
982 1820 26
983 1815 26
984 1817 26
985 1809 27
986 1803 27
987 1799 28
988 1803 28
989 1799 28
990 1802 28
991 1795 29
992 1802 29
993 1796 29
994 1792 29
995 1796 29
996 1786 30
997 1786 30
998 1792 31
999 1793 31
1000 1791 31
1001 1790 32
1002 1794 33
1003 1796 33
1004 1797 33
1005 1792 35
1006 1798 35
1007 1786 35
1008 1800 35
1009 1791 35
1010 1792 35
1011 1792 36
1012 1791 37
1013 1781 37
1014 1778 37
1015 1775 37
1016 1777 37
1017 1779 37
1018 1772 37
1019 1772 37
1020 1770 37
1021 1765 37
1022 1755 39
1023 1752 39
1024 1745 39
1025 1739 39
1026 1735 40
1027 1730 40
1028 1721 41
1029 1717 41
1030 1710 41
1031 1702 41
1032 1698 42
1033 1686 42
1034 1678 43
1035 1674 43
1036 1667 43
1037 1670 44
1038 1657 44
1039 1651 44
1040 1646 44
1041 1645 43
1042 1646 45
1043 1634 45
1044 1634 45
1045 1625 46
1046 1622 47
1047 1614 48
1048 1607 48
1049 1599 48
1050 1593 48
1051 1583 50
1052 1577 50
1053 1568 50
1054 1563 51
1055 1564 51
1056 1550 51
1057 1542 51
1058 1532 51
1059 1529 51
1060 1522 51
1061 1514 51
1062 1512 51
1063 1511 50
1064 1502 49
1065 1496 50
1066 1483 52
1067 1473 52
1068 1465 52
1069 1457 53
1070 1453 54
1071 1439 54
1072 1431 55
1073 1422 56
1074 1415 56
1075 1404 57
1076 1398 57
1077 1384 57
1078 1379 57
1079 1368 58
1080 1360 58
1081 1357 58
1082 1351 58
1083 1340 58
1084 1330 58
1085 1323 58
1086 1319 57
1087 1311 57
1088 1310 57
1089 1300 57
1090 1297 56
1091 1293 58
1092 1281 57
1093 1273 58
1094 1267 58
1095 1262 57
1096 1247 56
1097 1236 57
1098 1233 57
1099 1218 57
1100 1212 57
1101 1199 58
1102 1185 59
1103 1177 59
1104 1169 59
1105 1162 61
1106 1150 61
1107 1143 61
1108 1130 61
1109 1126 61
1110 1113 65
1111 1107 66
1112 1097 67
1113 1083 66
1114 1066 66
1115 1052 66
1116 1041 65
1117 1026 65
1118 1014 65
1119 1003 65
1120 994 66
1121 982 66
1122 980 66
1123 968 65
1124 961 65
1125 946 64
1126 937 64
1127 929 65
1128 919 65
1129 909 65
1130 898 65
1131 892 66
1132 881 66
1133 873 65
1134 864 66
1135 854 66
1136 847 66
1137 839 66
1138 838 66
1139 832 66
1140 828 66
1141 823 65
1142 814 65
1143 814 66
1144 805 66
1145 796 66
1146 791 66
1147 785 66
1148 780 66
1149 774 66
1150 767 65
1151 762 65
1152 753 64
1153 747 64
1154 737 65
1155 728 65
1156 721 65
1157 710 65
1158 705 66
1159 695 65
1160 690 65
1161 677 66
1162 660 66
1163 654 66
1164 644 67
1165 635 67
1166 624 67
1167 613 67
1168 606 67
1169 598 67
1170 600 66
1171 595 67
1172 587 66
1173 579 66
1174 576 66
1175 570 65
1176 566 65
1177 560 65
1178 554 64
1179 551 64
1180 540 64
1181 534 65
1182 528 65
1183 526 65
1184 522 65
1185 521 65
1186 511 64
1187 506 64
1188 499 64
1189 493 63
1190 487 63
1191 488 63
1192 487 63
1193 481 63
1194 478 63
1195 468 63
1196 471 63
1197 463 63
1198 463 62
1199 461 62
1200 455 61
1201 453 60
1202 451 60
1203 447 60
1204 448 60
1205 444 60
1206 442 59
1207 439 60
1208 435 59
1209 428 58
1210 424 58
1211 422 57
1212 420 58
1213 412 59
1214 405 59
1215 399 59
1216 395 59
1217 391 59
1218 382 59
1219 379 60
1220 375 61
1221 365 61
1222 358 61
1223 350 61
1224 343 60
1225 340 60
1226 333 59
1227 328 60
1228 323 60
1229 313 60
1230 314 60
1231 312 60
1232 312 60
1233 307 59
1234 303 59
1235 303 58
1236 299 58
1237 298 58
1238 295 57
1239 293 56
1240 291 55
1241 288 54
1242 284 54
1243 281 54
1244 278 54
1245 277 54
1246 276 54
1247 274 53
1248 273 53
1249 271 53
1250 265 53
1251 265 54
1252 262 54
1253 259 53
1254 255 53
1255 251 53
1256 246 52
1257 246 52
1258 242 53
1259 237 53
1260 237 53
1261 232 53
1262 227 52
1263 223 52
1264 219 52
1265 215 52
1266 210 52
1267 211 52
1268 210 52
1269 204 52
1270 201 51
1271 198 51
1272 193 50
1273 192 48
1274 187 48
1275 182 48
1276 174 47
1277 174 45
1278 169 45
1279 165 46
1280 158 46
1281 155 45
1282 151 46
1283 147 46
1284 144 46
1285 136 45
1286 135 45
1287 129 45
1288 128 46
1289 124 46
1290 122 47
1291 120 47
1292 118 47
1293 118 47
1294 117 47
1295 116 46
1296 117 46
1297 114 46
1298 116 46
1299 113 46
1300 114 46
1301 112 46
1302 113 46
1303 111 46
1304 111 44
1305 110 44
1306 110 44
1307 107 44
1308 106 44
1309 106 44
1310 107 44
1311 104 43
1312 103 43
1313 99 43
1314 98 43
1315 98 42
1316 96 42
1317 98 42
1318 98 42
1319 98 42
1320 98 42
1321 100 42
1322 99 42
1323 98 42
1324 98 42
1325 96 42
1326 92 42
1327 91 42
1328 88 42
1329 86 42
1330 83 42
1331 82 42
1332 81 41
1333 79 40
1334 78 40
1335 77 40
1336 76 40
1337 75 40
1338 76 40
1339 75 40
1340 77 40
1341 77 40
1342 78 40
1343 75 40
1344 76 40
1345 81 40
1346 81 40
1347 84 40
1348 83 39
1349 86 39
1350 86 39
1351 89 39
1352 89 38
1353 89 38
1354 88 38
1355 90 38
1356 90 38
1357 90 38
1358 94 37
1359 91 37
1360 91 37
1361 88 37
1362 85 37
1363 87 35
1364 88 35
1365 86 35
1366 90 35
1367 89 35
1368 89 35
1369 92 34
1370 94 33
1371 95 32
1372 94 32
1373 94 32
1374 97 32
1375 96 31
1376 96 31
1377 94 31
1378 94 31
1379 98 31
1380 97 31
1381 96 31
1382 96 31
1383 97 31
1384 101 31
1385 100 31
1386 102 30
1387 100 30
1388 100 30
1389 95 30
1390 95 30
1391 95 30
1392 96 30
1393 94 29
1394 93 29
1395 94 29
1396 95 29
1397 92 28
1398 93 28
1399 97 28
1400 98 28
1401 99 28
1402 97 28
1403 96 27
1404 96 27
1405 96 27
1406 95 27
1407 96 27
1408 100 27
1409 102 27
1410 101 27
1411 101 26
1412 101 26
1413 100 26
1414 102 26
1415 102 25
1416 106 25
1417 106 25
1418 105 25
1419 102 25
1420 102 25
1421 98 24
1422 99 24
1423 99 24
1424 101 24
1425 103 24
1426 103 24
1427 101 24
1428 101 24
1429 101 24
1430 103 24
1431 104 24
1432 107 24
1433 110 24
1434 111 23
1435 113 23
1436 115 23
1437 115 23
1438 118 23
1439 119 23
1440 119 23
1441 119 23
1442 121 23
1443 122 22
1444 120 22
1445 121 22
1446 117 22
1447 118 22
1448 119 22
1449 123 22
1450 122 22
1451 124 22
1452 127 22
1453 127 22
1454 128 22
1455 130 22
1456 130 22
1457 130 21
1458 130 21
1459 133 21
1460 134 20
1461 133 19
1462 133 19
1463 132 19
1464 132 19
1465 133 19
1466 133 19
1467 133 19
1468 135 19
1469 136 19
1470 140 18
1471 142 18
1472 143 18
1473 143 18
1474 143 18
1475 143 17
1476 146 17
1477 143 17
1478 142 17
1479 144 17
1480 146 15
1481 150 15
1482 155 15
1483 159 14
1484 161 13
1485 164 13
1486 165 13
1487 166 13
1488 164 13
1489 166 13
1490 168 12
1491 170 12
1492 171 12
1493 172 11
1494 173 11
1495 174 11
1496 175 11
1497 178 11
1498 178 11
1499 184 11
1500 182 9
1501 184 9
1502 188 9
1503 190 9
1504 191 9
1505 195 9
1506 199 9
1507 202 9
1508 204 9
1509 207 9
1510 208 9
1511 208 9
1512 209 9
1513 212 9
1514 216 9
1515 217 9
1516 221 8
1517 227 8
1518 228 8
1519 229 8
1520 232 8
1521 238 8
1522 240 8
1523 240 8
1524 246 8
1525 246 8
1526 249 8
1527 252 8
1528 251 8
1529 253 8
1530 256 8
1531 261 8
1532 265 8
1533 267 8
1534 268 8
1535 269 7
1536 271 7
1537 275 7
1538 280 7
1539 281 7
1540 285 7
1541 287 7
1542 287 7
1543 291 7
1544 293 7
1545 291 7
1546 294 7
1547 297 7
1548 303 7
1549 310 7
1550 313 7
1551 315 7
1552 319 7
1553 322 7
1554 329 7
1555 327 7
1556 331 7
1557 337 7
1558 338 7
1559 342 7
1560 349 6
1561 355 6
1562 358 6
1563 364 6
1564 369 6
1565 372 6
1566 379 6
1567 383 6
1568 386 6
1569 390 6
1570 394 6
1571 401 6
1572 405 6
1573 407 6
1574 415 6
1575 418 6
1576 422 6
1577 423 6
1578 428 6
1579 431 6
1580 438 5
1581 440 5
1582 447 5
1583 448 5
1584 450 5
1585 454 5
1586 463 5
1587 476 5
1588 481 5
1589 486 5
1590 487 5
1591 488 5
1592 494 5
1593 493 5
1594 498 5
1595 504 5
1596 508 4
1597 514 4
1598 520 4
1599 524 4
1600 529 4
1601 539 4
1602 545 4
1603 552 4
1604 558 4
1605 562 4
1606 567 4
1607 569 4
1608 571 4
1609 572 4
1610 573 4
1611 577 4
1612 583 4
1613 591 4
1614 595 4
1615 598 4
1616 609 4
1617 613 4
1618 616 4
1619 622 4
1620 628 4
1621 633 4
1622 642 4
1623 649 4
1624 655 4
1625 663 4
1626 672 4
1627 678 4
1628 684 4
1629 694 4
1630 692 4
1631 699 4
1632 705 4
1633 713 4
1634 715 4
1635 718 4
1636 722 4
1637 729 4
1638 735 4
1639 740 4
1640 748 4
1641 755 4
1642 766 4
1643 774 4
1644 784 4
1645 792 4
1646 797 4
1647 803 4
1648 808 4
1649 813 4
1650 818 4
1651 822 4
1652 832 4
1653 836 4
1654 837 4
1655 842 4
1656 851 4
1657 858 4
1658 872 4
1659 876 4
1660 882 4
1661 893 4
1662 893 4
1663 902 4
1664 908 5
1665 909 5
1666 917 5
1667 921 5
1668 925 5
1669 930 5
1670 931 5
1671 936 5
1672 946 5
1673 951 5
1674 957 5
1675 959 5
1676 966 5
1677 975 5
1678 983 5
1679 983 5
1680 988 5
1681 995 5
1682 1005 5
1683 1014 5
1684 1024 5
1685 1033 5
1686 1038 5
1687 1046 5
1688 1049 5
1689 1055 5
1690 1060 5
1691 1068 5
1692 1078 5
1693 1081 5
1694 1092 5
1695 1102 5
1696 1110 5
1697 1114 5
1698 1118 5
1699 1123 5
1700 1131 6
1701 1135 6
1702 1143 6
1703 1150 6
1704 1167 6
1705 1176 6
1706 1188 6
1707 1200 6
1708 1210 6
1709 1215 6
1710 1225 6
1711 1237 6
1712 1245 6
1713 1250 6
1714 1256 6
1715 1266 6
1716 1273 6
1717 1285 6
1718 1288 6
1719 1297 6
1720 1302 6
1721 1312 6
1722 1324 6
1723 1329 6
1724 1336 6
1725 1340 6
1726 1350 6
1727 1358 6
1728 1365 6
1729 1372 6
1730 1380 7
1731 1386 7
1732 1394 8
1733 1405 8
1734 1408 8
1735 1414 8
1736 1418 8
1737 1428 8
1738 1440 8
1739 1447 8
1740 1459 8
1741 1467 8
1742 1470 8
1743 1485 9
1744 1490 9
1745 1500 9
1746 1503 9
1747 1509 9
1748 1519 9
1749 1525 9
1750 1528 9
1751 1538 9
1752 1538 9
1753 1546 9
1754 1549 9
1755 1566 9
1756 1572 9
1757 1582 9
1758 1589 9
1759 1595 9
1760 1604 9
1761 1607 9
1762 1617 9
1763 1623 9
1764 1640 10
1765 1645 10
1766 1660 10
1767 1664 11
1768 1668 12
1769 1672 12
1770 1676 12
1771 1680 12
1772 1686 12
1773 1687 12
1774 1691 12
1775 1697 12
1776 1704 12
1777 1714 12
1778 1716 12
1779 1724 12
1780 1728 13
1781 1733 13
1782 1737 13
1783 1738 13
1784 1748 13
1785 1754 13
1786 1763 13
1787 1764 13
1788 1770 13
1789 1777 13
1790 1782 13
1791 1790 13
1792 1797 13
1793 1816 13
1794 1816 13
1795 1825 13
1796 1829 14
1797 1839 14
1798 1845 14
1799 1860 14
1800 1863 14
1801 1865 14
1802 1875 14
1803 1880 14
1804 1881 14
1805 1897 14
1806 1906 14
1807 1912 15
1808 1917 17
1809 1923 17
1810 1931 17
1811 1928 17
1812 1934 17
1813 1935 17
1814 1940 17
1815 1941 18
1816 1943 18
1817 1947 18
1818 1956 18
1819 1960 18
1820 1975 18
1821 1981 18
1822 1989 18
1823 1991 18
1824 1998 18
1825 2005 18
1826 2006 18
1827 2020 18
1828 2030 18
1829 2034 19
1830 2041 19
1831 2049 19
1832 2050 19
1833 2060 20
1834 2065 20
1835 2065 20
1836 2067 20
1837 2073 21
1838 2073 21
1839 2075 21
1840 2087 21
1841 2099 21
1842 2107 21
1843 2114 21
1844 2117 21
1845 2125 21
1846 2130 21
1847 2128 21
1848 2138 22
1849 2141 22
1850 2148 22
1851 2153 22
1852 2162 22
1853 2168 23
1854 2173 24
1855 2182 24
1856 2188 24
1857 2191 24
1858 2191 25
1859 2196 25
1860 2204 26
1861 2204 25
1862 2215 25
1863 2219 25
1864 2222 25
1865 2217 25
1866 2215 25
1867 2214 26
1868 2219 26
1869 2220 26
1870 2221 26
1871 2216 26
1872 2221 26
1873 2225 26
1874 2226 26
1875 2235 26
1876 2242 26
1877 2246 25
1878 2253 25
1879 2262 25
1880 2258 24
1881 2266 24
1882 2274 26
1883 2277 27
1884 2284 27
1885 2286 27
1886 2286 27
1887 2292 27
1888 2295 27
1889 2300 27
1890 2304 27
1891 2310 27
1892 2310 27
1893 2312 28
1894 2322 28
1895 2321 28
1896 2325 28
1897 2333 28
1898 2340 28
1899 2341 29
1900 2340 29
1901 2330 30
1902 2335 30
1903 2336 31
1904 2336 31
1905 2339 31
1906 2339 33
1907 2342 34
1908 2342 34
1909 2339 35
1910 2345 35
1911 2338 35
1912 2340 35
1913 2333 35
1914 2334 34
1915 2327 34
1916 2334 34
1917 2326 34
1918 2332 34
1919 2326 35
1920 2324 36
1921 2323 37
1922 2311 37
1923 2308 37
1924 2307 37
1925 2308 37
1926 2302 37
1927 2296 37
1928 2298 38
1929 2307 38
1930 2319 39
1931 2329 41
1932 2327 41
1933 2328 42
1934 2319 42
1935 2318 42
1936 2313 42
1937 2313 42
1938 2311 42
1939 2317 42
1940 2318 42
1941 2315 42
1942 2309 42
1943 2310 42
1944 2306 42
1945 2308 42
1946 2304 41
1947 2307 41
1948 2310 41
1949 2310 41
1950 2314 41
1951 2306 42
1952 2308 42
1953 2300 42
1954 2296 41
1955 2292 42
1956 2286 42
1957 2279 44
1958 2270 44
1959 2267 46
1960 2251 47
1961 2251 47
1962 2236 48
1963 2223 49
1964 2218 49
1965 2203 49
1966 2189 51
1967 2184 52
1968 2165 51
1969 2152 52
1970 2142 53
1971 2130 55
1972 2111 55
1973 2100 56
1974 2085 56
1975 2083 56
1976 2072 56
1977 2061 56
1978 2056 57
1979 2043 58
1980 2032 58
1981 2028 58
1982 2019 58
1983 2017 59
1984 2009 59
1985 2004 59
1986 1998 59
1987 1993 58
1988 1981 58
1989 1971 59
1990 1964 60
1991 1945 59
1992 1933 59
1993 1928 59
1994 1923 61
1995 1909 61
1996 1902 60
1997 1893 60
1998 1882 60
1999 1869 62
2000 1860 63
2001 1858 64
2002 1839 64
2003 1836 65
2004 1821 66
2005 1820 66
2006 1812 67
2007 1799 67
2008 1790 67
2009 1773 67
2010 1759 67
2011 1756 67
2012 1742 67
2013 1728 67
2014 1721 67
2015 1707 67
2016 1694 67
2017 1676 67
2018 1665 66
2019 1655 66
2020 1640 67
2021 1629 67
2022 1620 66
2023 1625 66
2024 1618 66
2025 1612 65
2026 1601 65
2027 1592 65
2028 1589 66
2029 1574 67
2030 1569 67
2031 1553 66
2032 1543 66
2033 1531 67
2034 1520 68
2035 1513 67
2036 1503 67
2037 1490 69
2038 1476 69
2039 1461 70
2040 1454 70
2041 1443 69
2042 1431 69
2043 1420 69
2044 1406 70
2045 1399 71
2046 1391 72
2047 1373 72
2048 1365 73
2049 1347 74
2050 1335 74
2051 1326 75
2052 1313 75
2053 1302 75
2054 1291 75
2055 1285 75
2056 1276 75
2057 1265 74
2058 1254 74
2059 1245 74
2060 1236 73
2061 1224 73
2062 1207 71
2063 1193 71
2064 1184 71
2065 1171 71
2066 1158 71
2067 1144 71
2068 1131 72
2069 1122 73
2070 1105 74
2071 1090 74
2072 1074 74
2073 1059 75
2074 1045 76
2075 1027 76
2076 1019 76
2077 1002 76
2078 991 76
2079 978 76
2080 967 76
2081 956 75
2082 943 75
2083 926 75
2084 915 75
2085 902 75
2086 897 75
2087 883 76
2088 872 77
2089 864 77
2090 855 79
2091 842 78
2092 834 78
2093 824 78
2094 818 78
2095 814 78
2096 799 78
2097 796 80
2098 787 80
2099 775 80
2100 764 81
2101 752 81
2102 744 81
2103 734 80
2104 725 81
2105 714 81
2106 706 81
2107 696 79
2108 685 79
2109 674 79
2110 665 79
2111 652 79
2112 645 79
2113 634 79
2114 622 79
2115 614 78
2116 604 80
2117 594 78
2118 584 78
2119 578 78
2120 564 79
2121 561 77
2122 549 78
2123 541 77
2124 527 77
2125 514 78
2126 507 79
2127 496 79
2128 493 79
2129 485 79
2130 477 79
2131 465 77
2132 463 77
2133 456 78
2134 450 78
2135 441 77
2136 433 76
2137 430 77
2138 423 75
2139 417 75
2140 413 75
2141 403 75
2142 396 75
2143 393 74
2144 386 74
2145 384 74
2146 374 73
2147 371 71
2148 367 70
2149 359 69
2150 353 69
2151 344 68
2152 334 71
2153 329 70
2154 324 71
2155 322 71
2156 313 71
2157 310 71
2158 305 70
2159 298 70
2160 295 69
2161 285 69
2162 283 69
2163 275 68
2164 274 68
2165 269 68
2166 267 68
2167 264 67
2168 256 67
2169 250 67
2170 244 68
2171 242 67
2172 236 67
2173 232 67
2174 228 67
2175 224 67
2176 221 66
2177 216 66
2178 214 66
2179 208 65
2180 208 63
2181 204 64
2182 203 64
2183 202 64
2184 202 63
2185 202 63
2186 200 63
2187 198 63
2188 198 64
2189 195 64
2190 198 64
2191 196 64
2192 196 63
2193 195 63
2194 197 63
2195 195 62
2196 192 62
2197 191 61
2198 191 61
2199 189 61
2200 185 61
2201 182 60
2202 179 60
2203 176 60
2204 171 60
2205 169 60
2206 161 59
2207 159 59
2208 156 58
2209 152 58
2210 154 58
2211 150 58
2212 150 58
2213 151 57
2214 149 57
2215 150 56
2216 147 56
2217 146 56
2218 143 56
2219 143 56
2220 141 56
2221 139 56
2222 143 56
2223 139 57
2224 140 58
2225 140 58
2226 137 58
2227 136 58
2228 134 57
2229 130 57
2230 126 57
2231 126 56
2232 126 56
2233 122 56
2234 124 56
2235 122 55
2236 118 54
2237 116 54
2238 114 54
2239 118 54
2240 116 53
2241 114 53
2242 114 53
2243 110 51
2244 109 51
2245 107 51
2246 106 50
2247 105 50
2248 106 49
2249 110 48
2250 110 48
2251 112 47
2252 111 47
2253 110 45
2254 111 45
2255 110 45
2256 109 45
2257 109 46
2258 113 45
2259 113 44
2260 112 43
2261 115 42
2262 117 42
2263 118 42
2264 120 42
2265 121 40
2266 123 40
2267 121 40
2268 120 40
2269 120 40
2270 117 38
2271 117 38
2272 113 38
2273 110 38
2274 110 38
2275 114 38
2276 118 36
2277 117 36
2278 120 35
2279 122 35
2280 123 35
2281 130 34
2282 130 33
2283 132 33
2284 133 33
2285 134 32
2286 136 32
2287 141 31
2288 144 31
2289 147 31
2290 147 30
2291 146 30
2292 150 30
2293 149 30
2294 152 30
2295 152 30
2296 152 29
2297 153 29
2298 153 29
2299 155 29
2300 159 29
2301 159 28
2302 157 27
2303 158 27
2304 158 27
2305 158 27
2306 157 27
2307 156 26
2308 155 26
2309 156 26
2310 154 25
2311 154 25
2312 157 25
2313 161 25
2314 161 25
2315 162 25
2316 159 24
2317 164 24
2318 165 24
2319 167 24
2320 166 24
2321 169 24
2322 170 24
2323 170 24
2324 173 24
2325 174 24
2326 175 24
2327 177 24
2328 177 24
2329 177 24
2330 177 24
2331 175 24
2332 176 24
2333 179 24
2334 181 24
2335 180 24
2336 181 24
2337 185 24
2338 186 24
2339 187 24
2340 191 24
2341 192 24
2342 190 24
2343 187 24
2344 189 23
2345 189 23
2346 192 23
2347 197 22
2348 197 21
2349 200 21
2350 201 21
2351 201 21
2352 202 20
2353 206 20
2354 207 20
2355 206 20
2356 209 20
2357 211 20
2358 215 20
2359 219 20
2360 221 20
2361 224 20
2362 225 20
2363 226 20
2364 226 20
2365 226 20
2366 230 20
2367 229 19
2368 232 19
2369 230 19
2370 232 19
2371 237 19
2372 235 19
2373 235 19
2374 235 19
2375 237 19
2376 242 19
2377 245 19
2378 248 19
2379 249 19
2380 249 19
2381 249 19
2382 249 19
2383 250 19
2384 251 19
2385 252 19
2386 255 19
2387 256 19
2388 255 19
2389 255 18
2390 258 17
2391 262 17
2392 264 15
2393 267 15
2394 267 14
2395 268 13
2396 271 12
2397 277 12
2398 280 12
2399 285 12
2400 285 11
2401 287 11
2402 290 11
2403 294 11
2404 297 11
2405 301 11
2406 307 11
2407 308 11
2408 312 10
2409 315 10
2410 322 10
2411 331 10
2412 338 9
2413 339 9
2414 341 9
2415 341 9
2416 344 9
2417 347 9
2418 351 9
2419 352 9
2420 350 8
2421 356 8
2422 358 8
2423 359 8
2424 362 8
2425 369 8
2426 369 8
2427 370 8
2428 371 8
2429 375 8
2430 379 8
2431 378 7
2432 382 7
2433 387 7
2434 389 7
2435 392 7
2436 393 7
2437 396 7
2438 400 6
2439 400 6
2440 405 7
2441 409 7
2442 415 7
2443 419 7
2444 423 7
2445 427 7
2446 429 7
2447 434 7
2448 434 7
2449 436 7
2450 444 6
2451 445 6
2452 452 6
2453 454 6
2454 457 6
2455 460 6
2456 463 6
2457 467 6
2458 470 6
2459 475 5
2460 477 5
2461 477 5
2462 484 5
2463 485 5
2464 487 5
2465 485 5
2466 488 5
2467 490 5
2468 494 5
2469 498 5
2470 498 5
2471 498 5
2472 504 5
2473 505 5
2474 509 5
2475 515 5
2476 518 5
2477 520 5
2478 519 5
2479 519 5
2480 524 5
2481 525 4
2482 529 5
2483 535 5
2484 542 5
2485 543 5
2486 548 5
2487 553 5
2488 557 5
2489 565 5
2490 571 5
2491 572 5
2492 576 5
2493 581 5
2494 589 5
2495 597 5
2496 600 5
2497 603 5
2498 607 5
2499 617 5
2500 625 5
2501 633 5
2502 639 5
2503 645 5
2504 648 5
2505 653 5
2506 658 5
2507 666 5
2508 670 5
2509 677 5
2510 684 5
2511 687 5
2512 696 5
2513 700 5
2514 706 5
2515 711 5
2516 713 5
2517 720 5
2518 727 5
2519 736 5
2520 743 5
2521 747 4
2522 752 4
2523 756 4
2524 760 4
2525 763 4
2526 768 5
2527 772 5
2528 780 5
2529 785 5
2530 790 5
2531 794 5
2532 800 5
2533 803 5
2534 808 5
2535 815 5
2536 821 5
2537 828 5
2538 829 5
2539 844 5
2540 853 5
2541 856 5
2542 857 5
2543 861 5
2544 864 5
2545 872 5
2546 876 5
2547 883 6
2548 886 6
2549 892 6
2550 902 6
2551 908 6
2552 915 6
2553 923 6
2554 929 6
2555 942 6
2556 951 6
2557 960 6
2558 959 6
2559 969 6
2560 969 7
2561 973 7
2562 979 7
2563 980 7
2564 985 7
2565 992 7
2566 1000 7
2567 1005 7
2568 1009 7
2569 1010 7
2570 1016 8
2571 1016 8
2572 1024 8
2573 1031 8
2574 1040 8
2575 1047 8
2576 1050 8
2577 1059 8
2578 1068 8
2579 1071 8
2580 1075 8
2581 1079 8
2582 1084 8
2583 1094 8
2584 1097 8
2585 1102 8
2586 1105 8
2587 1111 8
2588 1121 8
2589 1128 8
2590 1134 8
2591 1141 8
2592 1146 8
2593 1153 8
2594 1158 9
2595 1169 10
2596 1175 10
2597 1182 10
2598 1194 10
2599 1202 10
2600 1211 10
2601 1216 10
2602 1221 10
2603 1228 10
2604 1238 10
2605 1245 10
2606 1254 10
2607 1258 10
2608 1259 10
2609 1266 10
2610 1274 10
2611 1279 10
2612 1288 10
2613 1297 9
2614 1304 9
2615 1302 9
2616 1307 9
2617 1314 9
2618 1328 9
2619 1340 9
2620 1347 9
2621 1349 10
2622 1350 10
2623 1358 10
2624 1371 10
2625 1375 10
2626 1378 10
2627 1391 10
2628 1400 10
2629 1402 10
2630 1414 10
2631 1418 10
2632 1428 10
2633 1438 10
2634 1441 10
2635 1444 10
2636 1450 10
2637 1456 11
2638 1458 12
2639 1465 12
2640 1474 12
2641 1478 12
2642 1485 12
2643 1491 12
2644 1503 12
2645 1508 12
2646 1515 12
2647 1516 12
2648 1520 12
2649 1522 12
2650 1535 12
2651 1546 12
2652 1546 12
2653 1550 12
2654 1558 12
2655 1567 13
2656 1566 13
2657 1569 13
2658 1577 13
2659 1587 13
2660 1594 13
2661 1599 13
2662 1605 13
2663 1608 13
2664 1622 13
2665 1634 13
2666 1637 13
2667 1642 13
2668 1642 13
2669 1647 13
2670 1657 13
2671 1663 14
2672 1669 14
2673 1671 15
2674 1676 15
2675 1678 15
2676 1689 15
2677 1700 16
2678 1714 16
2679 1727 16
2680 1734 16
2681 1747 16
2682 1755 16
2683 1760 16
2684 1765 16
2685 1777 17
2686 1785 18
2687 1786 18
2688 1793 18
2689 1794 18
2690 1797 18
2691 1800 18
2692 1803 18
2693 1807 19
2694 1819 19
2695 1826 19
2696 1832 19
2697 1844 19
2698 1846 19
2699 1858 19
2700 1862 19
2701 1868 19
2702 1873 19
2703 1872 19
2704 1874 19
2705 1890 19
2706 1891 19
2707 1896 19
2708 1900 19
2709 1900 19
2710 1907 19
2711 1911 19
2712 1927 19
2713 1933 19
2714 1944 19
2715 1956 19
2716 1960 20
2717 1962 20
2718 1970 20
2719 1984 20
2720 1989 19
2721 1992 20
2722 1994 20
2723 2006 20
2724 2012 20
2725 2014 20
2726 2014 21
2727 2019 23
2728 2015 23
2729 2013 23
2730 2016 24
2731 2020 24
2732 2030 26
2733 2037 26
2734 2048 26
2735 2051 26
2736 2060 26
2737 2059 26
2738 2061 26
2739 2058 26
2740 2060 26
2741 2068 26
2742 2066 26
2743 2069 25
2744 2069 25
2745 2076 25
2746 2073 25
2747 2076 24
2748 2080 24
2749 2072 24
2750 2076 25
2751 2065 25
2752 2068 25
2753 2073 26
2754 2071 26
2755 2085 26
2756 2077 26
2757 2082 26
2758 2076 26
2759 2074 27
2760 2080 27
2761 2077 27
2762 2078 27
2763 2086 28
2764 2092 28
2765 2098 28
2766 2096 29
2767 2096 29
2768 2108 29
2769 2103 30
2770 2107 31
2771 2111 31
2772 2115 31
2773 2115 31
2774 2114 32
2775 2108 32
2776 2108 31
2777 2110 31
2778 2111 32
2779 2108 32
2780 2104 32
2781 2107 32
2782 2097 31
2783 2090 32
2784 2093 32
2785 2089 33
2786 2083 33
2787 2078 33
2788 2069 34
2789 2071 35
2790 2075 36
2791 2078 36
2792 2078 36
2793 2074 37
2794 2072 37
2795 2075 38
2796 2072 38
2797 2068 38
2798 2071 37
2799 2071 37
2800 2073 38
2801 2068 38
2802 2058 39
2803 2056 40
2804 2050 40
2805 2053 40
2806 2042 40
2807 2036 41
2808 2031 41
2809 2025 42
2810 2022 42
2811 2017 42
2812 2009 43
2813 2004 43
2814 1998 43
2815 1994 43
2816 1993 45
2817 1980 46
2818 1978 46
2819 1972 46
2820 1966 45
2821 1955 45
2822 1951 45
2823 1950 45
2824 1933 45
2825 1925 46
2826 1907 46
2827 1902 47
2828 1890 47
2829 1876 47
2830 1871 47
2831 1858 48
2832 1855 50
2833 1841 50
2834 1836 50
2835 1831 50
2836 1820 51
2837 1809 51
2838 1798 51
2839 1780 52
2840 1764 52
2841 1752 52
2842 1749 52
2843 1732 53
2844 1723 53
2845 1713 53
2846 1702 55
2847 1689 56
2848 1678 56
2849 1669 57
2850 1659 57
2851 1646 58
2852 1636 58
2853 1622 59
2854 1612 59
2855 1601 58
2856 1584 59
2857 1573 60
2858 1557 61
2859 1548 61
2860 1539 61
2861 1524 61
2862 1516 61
2863 1499 60
2864 1489 60
2865 1484 59
2866 1473 59
2867 1462 59
2868 1454 59
2869 1446 59
2870 1437 60
2871 1425 60
2872 1411 60
2873 1413 61
2874 1398 61
2875 1390 61
2876 1385 61
2877 1376 62
2878 1357 62
2879 1347 63
2880 1327 64
2881 1314 64
2882 1299 65
2883 1291 67
2884 1275 67
2885 1265 68
2886 1252 69
2887 1232 68
2888 1218 70
2889 1197 71
2890 1183 71
2891 1173 72
2892 1156 71
2893 1142 71
2894 1124 70
2895 1105 71
2896 1092 71
2897 1072 71
2898 1057 72
2899 1052 73
2900 1036 72
2901 1021 73
2902 1005 72
2903 981 71
2904 959 73
2905 946 72
2906 925 71
2907 902 70
2908 899 70
2909 879 70
2910 865 70
2911 853 70
2912 837 70
2913 815 71
2914 799 72
2915 787 72
2916 766 72
2917 750 74
2918 736 75
2919 717 77
2920 698 77
2921 678 80
2922 663 80
2923 643 81
2924 623 82
2925 607 83
2926 589 83
2927 581 84
2928 564 84
2929 554 84
2930 540 83
2931 530 82
2932 520 82
2933 507 82
2934 497 81
2935 484 81
2936 475 80
2937 463 80
2938 452 81
2939 445 80
2940 440 80
2941 429 78
2942 424 76
2943 418 76
2944 412 77
2945 404 77
2946 398 77
2947 393 77
2948 385 76
2949 375 75
2950 362 75
2951 360 74
2952 359 74
2953 353 74
2954 351 73
2955 347 73
2956 346 75
2957 340 75
2958 334 75
2959 331 75
2960 329 75
2961 328 76
2962 320 76
2963 318 77
2964 312 75
2965 311 75
2966 306 75
2967 304 75
2968 301 75
2969 293 75
2970 298 75
2971 294 74
2972 287 74
2973 282 75
2974 272 75
2975 263 75
2976 261 75
2977 255 75
2978 250 77
2979 248 77
2980 246 77
2981 244 77
2982 240 77
2983 238 76
2984 233 76
2985 230 75
2986 225 75
2987 223 75
2988 216 74
2989 216 74
2990 210 74
2991 206 73
2992 200 73
2993 207 74
2994 204 75
2995 199 75
2996 197 75
2997 193 75
2998 194 76
2999 189 76
3000 195 76
3001 192 76
3002 188 76
3003 185 76
3004 184 75
3005 182 73
3006 184 73
3007 181 73
3008 174 74
3009 171 73
3010 168 73
3011 164 73
3012 156 73
3013 148 73
3014 147 73
3015 141 73
3016 135 72
3017 132 71
3018 129 69
3019 127 69
3020 124 69
3021 123 69
3022 118 69
3023 120 69
3024 120 69
3025 119 67
3026 118 67
3027 119 68
3028 116 68
3029 114 66
3030 111 66
3031 109 66
3032 107 66
3033 108 66
3034 105 65
3035 102 66
3036 97 64
3037 94 64
3038 94 64
3039 91 64
3040 92 63
3041 91 63
3042 92 63
3043 91 63
3044 90 62
3045 94 61
3046 95 60
3047 95 60
3048 93 60
3049 92 60
3050 90 59
3051 93 59
3052 92 58
3053 99 57
3054 103 56
3055 103 56
3056 102 56
3057 103 55
3058 108 55
3059 110 55
3060 110 55
3061 110 54
3062 109 54
3063 109 54
3064 110 54
3065 109 53
3066 108 52
3067 106 52
3068 106 52
3069 105 50
3070 106 49
3071 109 49
3072 112 48
3073 112 48
3074 114 46
3075 114 46
3076 115 46
3077 115 46
3078 116 46
3079 117 46
3080 117 46
3081 122 45
3082 123 44
3083 126 44
3084 126 44
3085 126 44
3086 129 44
3087 133 44
3088 133 44
3089 133 42
3090 134 42
3091 140 42
3092 140 42
3093 140 42
3094 139 42
3095 141 42
3096 142 41
3097 144 41
3098 145 41
3099 146 40
3100 150 39
3101 151 39
3102 151 39
3103 148 39
3104 149 39
3105 149 39
3106 147 39
3107 149 38
3108 148 37
3109 151 36
3110 153 35
3111 156 35
3112 158 35
3113 160 35
3114 161 34
3115 166 34
3116 167 34
3117 170 33
3118 173 32
3119 174 32
3120 171 32
3121 172 31
3122 172 31
3123 170 31
3124 170 29
3125 171 29
3126 173 29
3127 172 29
3128 174 29
3129 171 28
3130 173 27
3131 172 27
3132 174 27
3133 171 27
3134 172 26
3135 170 26
3136 172 26
3137 170 25
3138 171 25
3139 173 25
3140 170 25
3141 171 25
3142 174 25
3143 177 25
3144 179 24
3145 180 24
3146 178 24
3147 180 24
3148 178 24
3149 176 24
3150 176 24
3151 177 24
3152 179 24
3153 183 24
3154 183 23
3155 183 22
3156 186 22
3157 188 21
3158 188 21
3159 191 21
3160 190 21
3161 192 20
3162 193 17
3163 192 16
3164 193 16
3165 192 16
3166 192 16
3167 193 16
3168 192 16
3169 194 15
3170 192 15
3171 194 15
3172 192 15
3173 196 15
3174 196 14
3175 197 14
3176 198 14
3177 197 13
3178 201 13
3179 201 12
3180 205 12
3181 208 12
3182 208 12
3183 209 12
3184 208 12
3185 207 12
3186 212 12
3187 212 12
3188 217 12
3189 217 12
3190 219 12
3191 218 12
3192 217 12
3193 219 12
3194 217 12
3195 219 12
3196 219 12
3197 223 12
3198 228 12
3199 228 12
3200 229 12
3201 230 12
3202 231 12
3203 235 12
3204 236 12
3205 238 13
3206 240 13
3207 238 13
3208 237 12
3209 239 12
3210 236 12
3211 237 12
3212 236 12
3213 236 12
3214 238 12
3215 239 12
3216 240 12
3217 240 12
3218 241 12
3219 244 12
3220 246 12
3221 247 12
3222 246 12
3223 243 12
3224 243 12
3225 243 12
3226 247 12
3227 245 12
3228 247 11
3229 249 11
3230 249 11
3231 252 11
3232 252 11
3233 255 11
3234 256 11
3235 256 11
3236 256 11
3237 258 11
3238 258 11
3239 261 11
3240 263 11
3241 263 10
3242 264 10
3243 269 10
3244 272 10
3245 270 10
3246 271 10
3247 270 10
3248 274 10
3249 274 10
3250 275 10
3251 272 10
3252 276 10
3253 278 10
3254 280 10
3255 280 10
3256 282 10
3257 280 10
3258 280 10
3259 281 10
3260 281 10
3261 281 10
3262 278 10
3263 282 10
3264 282 10
3265 283 10
3266 285 10
3267 289 10
3268 288 10
3269 287 10
3270 291 10
3271 293 10
3272 297 10
3273 301 10
3274 303 10
3275 304 10
3276 306 10
3277 305 10
3278 306 10
3279 307 10
3280 311 10
3281 315 9
3282 317 9
3283 319 9
3284 322 9
3285 321 9
3286 325 9
3287 331 9
3288 333 9
3289 339 9
3290 344 9
3291 349 9
3292 352 9
3293 359 9
3294 362 9
3295 363 9
3296 365 9
3297 367 9
3298 368 9
3299 367 9
3300 370 9
3301 376 9
3302 377 9
3303 379 9
3304 384 9
3305 386 9
3306 389 9
3307 396 10
3308 400 11
3309 400 11
3310 400 11
3311 402 11
3312 402 11
3313 407 11
3314 409 11
3315 414 11
3316 413 11
3317 412 11
3318 415 11
3319 414 11
3320 419 11
3321 419 11
3322 421 11
3323 422 11
3324 427 11
3325 432 11
3326 434 11
3327 435 11
3328 435 11
3329 441 11
3330 443 11
3331 446 11
3332 448 11
3333 453 11
3334 452 11
3335 455 11
3336 460 11
3337 461 11
3338 462 11
3339 464 11
3340 468 12
3341 470 12
3342 471 12
3343 471 12
3344 475 12
3345 477 12
3346 475 12
3347 477 12
3348 478 12
3349 482 12
3350 481 12
3351 478 12
3352 479 12
3353 480 12
3354 485 12
3355 489 12
3356 490 12
3357 492 12
3358 496 12
3359 497 12
3360 498 12
3361 497 12
3362 500 12
3363 504 12
3364 505 12
3365 505 12
3366 506 12
3367 509 12
3368 513 12
3369 521 12
3370 530 12
3371 535 12
3372 537 12
3373 543 12
3374 547 12
3375 553 12
3376 560 12
3377 568 12
3378 572 12
3379 576 12
3380 586 12
3381 592 12
3382 599 12
3383 606 12
3384 610 12
3385 612 12
3386 619 12
3387 629 12
3388 630 12
3389 632 12
3390 635 13
3391 638 13
3392 644 13
3393 644 13
3394 647 13
3395 649 13
3396 657 13
3397 658 13
3398 658 13
3399 666 13
3400 668 13
3401 668 13
3402 666 13
3403 672 14
3404 679 14
3405 680 14
3406 683 14
3407 685 14
3408 687 14
3409 691 14
3410 696 14
3411 697 14
3412 707 14
3413 712 14
3414 722 14
3415 727 14
3416 734 13
3417 741 13
3418 748 13
3419 753 13
3420 757 13
3421 764 13
3422 769 13
3423 775 13
3424 780 13
3425 784 13
3426 783 13
3427 787 13
3428 789 13
3429 791 13
3430 791 13
3431 791 13
3432 797 13
3433 801 14
3434 803 14
3435 806 14
3436 813 14
3437 823 14
3438 825 14
3439 834 14
3440 836 14
3441 839 14
3442 840 14
3443 851 14
3444 853 14
3445 855 14
3446 862 14
3447 869 14
3448 880 14
3449 880 14
3450 887 13
3451 892 13
3452 894 13
3453 901 13
3454 905 13
3455 913 13
3456 924 13
3457 929 14
3458 933 14
3459 938 13
3460 944 13
3461 952 13
3462 955 13
3463 961 13
3464 971 13
3465 981 13
3466 988 13
3467 997 13
3468 1004 13
3469 1013 13
3470 1022 13
3471 1029 13
3472 1035 13
3473 1039 13
3474 1043 13
3475 1050 13
3476 1058 13
3477 1064 13
3478 1070 13
3479 1078 13
3480 1079 13
3481 1088 13
3482 1092 13
3483 1102 13
3484 1113 13
3485 1122 13
3486 1128 13
3487 1131 13
3488 1139 13
3489 1141 13
3490 1145 13
3491 1152 13
3492 1161 13
3493 1168 13
3494 1175 13
3495 1180 13
3496 1190 13
3497 1206 13
3498 1212 13
3499 1217 13
3500 1220 13
3501 1225 13
3502 1228 13
3503 1231 13
3504 1235 13
3505 1242 13
3506 1248 13
3507 1251 14
3508 1258 14
3509 1262 14
3510 1268 14
3511 1272 14
3512 1278 14
3513 1280 14
3514 1283 15
3515 1287 15
3516 1289 15
3517 1291 15
3518 1296 15
3519 1296 15
3520 1299 15
3521 1304 15
3522 1304 15
3523 1321 15
3524 1329 15
3525 1338 15
3526 1344 15
3527 1351 15
3528 1358 15
3529 1366 16
3530 1369 16
3531 1377 16
3532 1382 16
3533 1391 16
3534 1401 16
3535 1407 16
3536 1411 16
3537 1423 16
3538 1423 16
3539 1423 16
3540 1428 16
3541 1439 16
3542 1443 16
3543 1448 16
3544 1450 16
3545 1457 16
3546 1462 16
3547 1466 16
3548 1471 16
3549 1477 16
3550 1485 16
3551 1486 16
3552 1487 16
3553 1490 17
3554 1492 17
3555 1498 17
3556 1505 17
3557 1513 18
3558 1518 18
3559 1521 18
3560 1521 18
3561 1522 18
3562 1521 18
3563 1526 18
3564 1531 19
3565 1531 19
3566 1535 20
3567 1534 20
3568 1547 20
3569 1547 20
3570 1550 20
3571 1552 20
3572 1552 20
3573 1556 20
3574 1555 20
3575 1560 22
3576 1553 22
3577 1559 22
3578 1559 22
3579 1562 22
3580 1557 22
3581 1560 22
3582 1563 22
3583 1567 22
3584 1568 22
3585 1575 22
3586 1569 22
3587 1570 22
3588 1572 22
3589 1573 22
3590 1576 22
3591 1587 22
3592 1589 22
3593 1594 22
3594 1595 24
3595 1593 25
3596 1600 25
3597 1606 25
3598 1605 25
3599 1602 25
3600 1602 25
3601 1604 26
3602 1602 26
3603 1605 26
3604 1606 27
3605 1606 27
3606 1605 27
3607 1605 26
3608 1604 28
3609 1599 28
3610 1602 28
3611 1599 29
3612 1599 29
3613 1597 29
3614 1602 28
3615 1599 28
3616 1598 29
3617 1598 29
3618 1597 29
3619 1595 29
3620 1596 29
3621 1589 29
3622 1589 29
3623 1586 30
3624 1580 30
3625 1580 30
3626 1590 30
3627 1589 30
3628 1594 30
3629 1595 30
3630 1590 30
3631 1586 30
3632 1584 31
3633 1583 31
3634 1587 31
3635 1580 32
3636 1572 33
3637 1566 33
3638 1568 33
3639 1564 34
3640 1563 34
3641 1555 34
3642 1546 35
3643 1534 35
3644 1540 36
3645 1542 36
3646 1532 37
3647 1532 39
3648 1519 39
3649 1515 39
3650 1516 39
3651 1510 40
3652 1508 40
3653 1501 40
3654 1501 41
3655 1495 42
3656 1480 41
3657 1479 41
3658 1476 41
3659 1469 41
3660 1463 41
3661 1460 41
3662 1456 41
3663 1451 42
3664 1448 42
3665 1436 42
3666 1434 41
3667 1431 41
3668 1426 42
3669 1423 42
3670 1418 42
3671 1414 43
3672 1407 43
3673 1400 43
3674 1404 43
3675 1396 43
3676 1401 44
3677 1398 45
3678 1394 45
3679 1392 45
3680 1391 45
3681 1383 45
3682 1379 45
3683 1375 45
3684 1375 45
3685 1372 44
3686 1368 44
3687 1361 45
3688 1359 45
3689 1355 45
3690 1353 45
3691 1342 46
3692 1343 48
3693 1339 48
3694 1335 48
3695 1332 48
3696 1325 48
3697 1319 48
3698 1310 48
3699 1316 48
3700 1307 48
3701 1303 48
3702 1305 49
3703 1299 49
3704 1291 50
3705 1291 50
3706 1293 50
3707 1286 50
3708 1273 51
3709 1266 51
3710 1257 50
3711 1250 51
3712 1232 51
3713 1227 51
3714 1218 51
3715 1214 52
3716 1200 52
3717 1187 52
3718 1176 52
3719 1167 53
3720 1170 53
3721 1155 56
3722 1143 56
3723 1136 56
3724 1122 56
3725 1118 57
3726 1110 57
3727 1104 58
3728 1092 58
3729 1089 59
3730 1085 57
3731 1082 57
3732 1071 58
3733 1068 58
3734 1056 59
3735 1055 58
3736 1044 57
3737 1038 55
3738 1035 56
3739 1024 57
3740 1017 57
3741 1009 58
3742 1000 58
3743 995 57
3744 982 58
3745 974 58
3746 963 59
3747 957 58
3748 945 58
3749 936 58
3750 928 58
3751 924 58
3752 909 58
3753 906 58
3754 891 57
3755 885 57
3756 878 57
3757 870 57
3758 858 57
3759 844 56
3760 835 56
3761 818 56
3762 812 56
3763 802 56
3764 790 57
3765 787 57
3766 781 57
3767 776 56
3768 759 58
3769 746 58
3770 740 60
3771 726 60
3772 720 61
3773 707 61
3774 701 61
3775 691 62
3776 681 62
3777 673 63
3778 665 64
3779 654 64
3780 648 64
3781 638 63
3782 634 63
3783 624 62
3784 624 60
3785 618 61
3786 612 61
3787 609 61
3788 604 60
3789 590 59
3790 585 60
3791 575 60
3792 568 62
3793 560 63
3794 549 63
3795 542 63
3796 529 63
3797 524 63
3798 512 63
3799 507 62
3800 496 62
3801 489 61
3802 482 62
3803 475 61
3804 476 61
3805 463 61
3806 461 60
3807 456 59
3808 451 59
3809 445 58
3810 440 59
3811 433 58
3812 423 58
3813 411 58
3814 402 58
3815 393 59
3816 379 59
3817 374 59
3818 366 59
3819 362 59
3820 351 58
3821 338 58
3822 332 59
3823 322 58
3824 316 58
3825 304 58
3826 298 58
3827 287 58
3828 281 59
3829 274 58
3830 267 58
3831 264 58
3832 257 58
3833 248 58
3834 247 57
3835 242 56
3836 230 57
3837 227 58
3838 221 58
3839 215 57
3840 214 57
3841 206 57
3842 207 57
3843 203 57
3844 199 57
3845 197 56
3846 197 56
3847 196 56
3848 194 56
3849 194 57
3850 190 57
3851 184 57
3852 186 57
3853 185 57
3854 181 57
3855 175 57
3856 170 57
3857 170 58
3858 162 58
3859 161 57
3860 160 57
3861 154 56
3862 152 55
3863 146 55
3864 145 54
3865 143 54
3866 141 54
3867 137 54
3868 136 53
3869 135 53
3870 136 51
3871 131 51
3872 129 51
3873 125 51
3874 123 51
3875 122 51
3876 117 50
3877 113 50
3878 111 49
3879 107 49
3880 110 49
3881 109 49
3882 110 49
3883 108 50
3884 107 50
3885 107 50
3886 105 50
3887 103 50
3888 103 50
3889 102 50
3890 103 50
3891 103 50
3892 105 50
3893 105 50
3894 102 49
3895 101 49
3896 99 49
3897 106 49
3898 105 49
3899 104 48
3900 105 48
3901 109 48
3902 110 48
3903 108 46
3904 109 45
3905 110 45
3906 107 45
3907 108 45
3908 109 45
3909 110 45
